-0.24814,0.53513,0.12331,-0.86542,0.34274,1.5989,1.2117,-0.52208,-0.43699,-0.38704
-1.1032,0.46188,0.70413,-2.4858,-0.59508,2.3187,-0.65195,1.959,-0.29207,1.0523
-1.8739,-1.0143,0.35121,-0.41641,0.39979,1.3493,1.0535,0.28049,0.64885,-1.9436
-0.42418,-0.376,-0.37301,0.69187,-0.73461,0.33529,0.9499,-1.4759,0.026107,0.26453
-0.11914,0.20958,-0.18361,1.3831,-0.20396,1.0259,0.87716,0.70016,0.95454,0.53793
0.52654,0.54503,1.2657,-1.6296,-1.4143,0.10425,-0.24038,-0.35165,-0.75321,-2.1197
-0.096762,-0.37822,1.0143,-2.0877,-1.9259,-0.13309,0.11644,0.89057,0.45161,0.82919
-1.7481,-1.9104,0.55714,0.3839,0.17289,-0.58241,2.1087,-0.37544,0.82639,1.2805
0.61423,-0.95672,-1.3382,0.13952,-0.30649,0.72292,0.49449,0.061383,0.56567,0.7596
-0.74851,0.23048,-2.6092,-0.98123,-0.79603,0.32167,-1.5276,1.2506,-0.75946,1.682
-1.2459,-0.18923,-0.89575,0.61463,-0.10268,-1.0928,-0.1708,0.32726,0.53534,0.63979
1.324,1.5592,-0.93664,-0.12744,-0.36259,0.56079,-1.962,1.3586,-0.58533,-1.9999
0.46967,-1.8006,-0.46065,0.40029,1.2966,0.97072,0.73211,-0.19497,0.0066138,-1.0609
0.051863,-1.4522,-0.62083,-0.4176,-0.41466,-0.002365,-0.82618,-0.13865,-0.50014,1.3595
0.16618,0.28713,0.61913,-0.85877,1.2379,0.12575,-0.10037,0.42414,0.95314,-0.27208
1.6955,-1.3165,-0.67972,0.96381,-0.7588,0.43183,0.43436,-0.40802,-1.7866,-1.0933
-0.51871,1.1048,1.6689,1.1028,-0.87462,-0.76328,0.30366,0.36025,0.19132,-2.1198
-0.58339,0.63968,-0.11991,1.4365,-1.8679,-0.74689,-1.4322,0.56972,-0.14812,-1.2062
-1.6361,-0.20491,0.057515,-0.45166,0.4043,1.4449,-0.68345,-0.37637,-1.0566,-0.70364
1.0926,-1.3107,-1.9946,-0.49814,0.36751,1.0106,-1.0134,-0.99143,0.12479,0.58238
