0.85831,-0.25511,0.51556,-1.5228,1.7371,-0.43152,-0.64584,0.60873,-1.0917,1.4257
-0.97989,2.6513,0.41631,-0.55565,0.11222,0.74853,0.77733,2.9346,0.39692,0.28286
0.39325,-1.8357,-0.40032,-0.40577,-0.12576,-0.49999,-0.32488,0.7429,-3.9157,2.5974
1.6518,0.14004,0.60957,-0.89132,1.2409,1.8699,1.7513,-0.41214,-0.46844,-0.51641
-1.0299,1.9174,-2.3692,-0.49706,-0.603,-2.2452,0.74508,2.0942,-0.60271,-0.077317
1.3628,0.97518,1.832,2.2743,1.6616,0.42,1.3917,-0.70346,0.4119,-0.042619
-1.3179,2.1886,-0.93776,0.56326,1.899,1.1113,-0.17673,-0.32748,0.32532,1.2198
-1.2902,-1.748,0.42964,0.26718,0.22312,0.034144,-0.47665,0.92006,1.0885,0.2254
0.81718,-0.076604,0.61245,0.19364,0.60868,-1.187,0.26051,-2.1656,-0.53749,-0.056391
-0.40436,-0.67205,-1.6304,-0.26263,-1.002,0.9352,-0.43408,-1.0413,0.070678,-0.15855
1.7042,-0.52962,-0.47347,0.10817,-0.082517,-0.5189,-0.71294,0.1722,-0.40028,1.3368
0.55859,1.2906,-1.6477,0.6874,1.7399,0.74307,1.3262,0.42298,1.7385,0.44066
0.97166,-0.59191,0.7781,-0.13161,0.30093,-0.25811,-1.0015,-0.96677,-0.13141,-0.27645
-0.93983,0.28524,0.078378,-1.4812,-0.1465,0.59722,0.23731,0.21682,-0.90426,0.11464
-0.66089,1.2032,1.2136,0.62955,1.8642,-0.18619,1.6449,0.14303,1.6323,2.2234
2.0936,0.52653,-0.99112,-1.4576,-0.42912,0.89703,-1.1373,0.03907,-1.7909,1.5205
0.61628,1.4132,0.89443,0.2597,-0.061456,-0.60502,1.1632,0.9014,-0.64694,-0.38183
-1.5029,-0.62304,0.25046,0.72504,-0.021525,2.3872,-0.091947,-0.34211,-0.94156,-0.28231
-1.5047,0.91694,-0.15393,-0.47562,1.5306,1.2803,-0.93557,0.36577,-0.65256,0.514
-1.7015,-1.5115,1.118,0.47087,0.71117,0.77228,-1.1843,-0.55548,-0.59885,-0.90272
