1.1022,1.8762,-0.44849,-0.56902,0.93367,-2.2014,-0.82203,1.1619,1.1572,1.7898
-0.19631,-0.0037027,-0.62868,-1.0056,0.62557,1.4875,0.033044,-0.663,0.47941,-1.001
0.43516,1.2631,-0.097418,-0.48824,-0.29332,-0.70372,-0.20617,-1.3247,-1.2424,0.56565
-0.17003,0.90498,0.52431,-0.3245,0.06344,-0.18462,-1.4483,0.12064,0.43018,0.98922
-2.0405,-0.7493,0.33887,-0.69532,0.2925,-0.14377,-0.028193,-0.2234,-0.042124,0.34011
-0.52705,1.2637,-0.41816,-2.0067,-0.085424,0.31185,-0.078571,0.045063,1.8006,-0.92433
-0.20597,-0.61477,1.5226,-0.80537,-1.0068,0.29156,-1.5459,-0.46834,0.52977,-1.3363
-1.5131,0.44116,-1.3244,-0.072025,-0.47065,1.6175,-2.0838,1.0938,0.98547,1.2256
-1.9053,-0.029795,-1.3906,-0.9776,1.8072,-0.082244,-0.52588,0.076461,0.48833,0.37119
0.75162,-0.35644,2.4876,-0.57729,-0.43264,0.25217,1.6304,0.60623,-0.44309,-1.579
0.38767,1.1272,0.34379,-0.34629,-1.1626,0.56162,0.42237,-1.4682,0.71707,-1.1246
-0.78278,0.50879,1.0511,0.14985,0.13022,0.26124,2.0006,1.168,0.79218,1.0234
-1.7024,-0.15788,-0.84905,0.072028,-0.38637,-0.24446,-0.98517,-0.54503,0.93326,-0.62056
1.0771,0.84507,-0.15204,-0.61361,1.6007,0.60011,0.0799,1.2255,-0.23229,0.97023
0.95959,0.63919,1.7506,-1.1821,0.59127,-0.92436,-1.1229,-1.0837,-1.4223,0.9786
-0.59704,0.73914,-0.077994,-1.2308,0.49151,-0.38543,1.7036,0.10792,0.63681,-0.78576
-0.071981,0.0027437,-0.52208,0.3899,-0.64757,0.50663,-1.2185,-2.4688,-0.52059,1.1331
0.48077,-1.8569,0.062982,-0.47789,0.99277,0.030291,0.17785,-0.62873,1.2232,0.79533
-0.2608,0.35011,-2.2228,0.60588,-0.79045,0.64219,0.48634,0.78052,-0.49644,-1.5402
0.15983,1.1738,0.89826,0.54068,1.2272,-0.50713,-1.0543,0.2621,1.3975,0.3243
