0.27416,-0.74618,0.72967,-0.035824,0.94606,0.42863,-0.37152,1.0626,1.6334,-0.73946
2.1994,-0.43417,0.51025,-0.86353,-1.4504,-1.4163,0.2335,-0.30229,-0.44537,0.80485
-1.0475,-1.68,1.2575,1.3473,-0.51693,1.2529,0.14226,1.2976,0.11895,-2.3483
-1.3608,0.89311,-0.94981,1.432,0.092535,-1.2515,-0.90601,1.5161,-0.85553,0.013495
0.64034,-0.23402,-0.18798,-0.6766,-0.56679,-0.082476,0.93068,0.14857,0.15692,1.549
0.82091,0.11471,-0.30868,1.2859,-0.98635,0.13134,-0.67955,-0.53086,-0.29084,0.90474
-0.54396,-1.2045,1.4739,-1.3159,1.0727,0.42095,-0.88505,0.10748,0.46438,0.66956
-0.91793,-0.15744,2.3219,0.3861,0.89191,1.443,0.47282,-0.421,-1.1484,-0.40945
-0.18927,1.2834,-0.3592,0.058906,1.6955,1.0472,-0.47057,-0.22521,-1.1515,3.3849
-0.71367,-0.082462,0.44098,-0.027168,0.63924,-0.9873,-0.29326,0.71291,-0.9256,-0.097385
0.49723,1.1244,-1.3996,-0.56302,-0.55335,-0.96029,-1.4578,0.7787,-0.75751,1.0318
0.20116,0.56526,-0.12121,-1.0322,-0.27557,1.0222,-0.63781,-1.2867,-0.85592,1.7164
-3.3318,0.17613,-0.93124,-0.30744,0.35919,0.62866,0.62448,-1.1226,-0.55774,-0.26546
0.12395,0.017211,0.46175,0.50628,1.1774,0.18016,-0.22187,1.2571,-1.6055,0.027174
-0.98551,-0.28406,2.0212,0.32256,-0.19121,-0.04413,-0.049172,-0.49678,-0.89414,-0.35989
-0.75113,0.97967,-0.033396,1.0369,-1.6783,0.59277,-0.99989,-0.55419,-2.0823,-1.0129
0.22271,0.54289,0.38759,-0.63268,-1.0073,-0.46729,-1.6856,1.5196,-1.6331,0.73019
-0.62037,-1.3282,0.99086,-0.92684,0.64613,2.15,-0.83414,0.77966,0.4255,-0.081872
-1.3385,1.3947,-0.94531,0.17614,0.0047428,-0.043851,-0.53694,1.2393,-1.1506,-1.8932
-0.19823,0.032124,-1.6075,-0.44394,0.93352,-0.03184,-0.43852,-0.5151,-0.13486,-0.046317
